Calibrated parameters:
a= 0.4999999528562542
alpha= [0.36975349 0.20347236 0.18888967 0.21789399 0.37051509]
theta= [-0.00134792 -0.00100919 -0.0006225  -0.00029067 -0.00125155]
mu= [0.00067216 0.0004758  0.00058607 0.00078873 0.00068173]
sigma= [0.01714273 0.01392764 0.02233846 0.01484495 0.02280182]
Sigma=
 [[2.93873281e-04 1.62738071e-04 1.51874343e-04 9.11748808e-05
  1.02292216e-04]
 [1.62738071e-04 1.93979088e-04 1.97338314e-04 7.50920193e-05
  1.72601260e-04]
 [1.51874343e-04 1.97338314e-04 4.99006869e-04 3.73675917e-05
  1.92699469e-04]
 [9.11748808e-05 7.50920193e-05 3.73675917e-05 2.20372549e-04
  4.08775443e-05]
 [1.02292216e-04 1.72601260e-04 1.92699469e-04 4.08775443e-05
  5.19922845e-04]]

--- Marginal Moment Comparison ---
Dimension 1:
  Mean     → Empirical =  0.00067,  Calibrated = -0.00297
  Variance → Empirical =  0.00028,  Calibrated =  0.00030
  Skewness → Empirical = -0.63083,  Calibrated = -0.62922
  Kurtosis → Empirical =  9.87619,  Calibrated =  11.11351
Dimension 2:
  Mean     → Empirical =  0.00048,  Calibrated = -0.00448
  Variance → Empirical =  0.00019,  Calibrated =  0.00020
  Skewness → Empirical = -1.04865,  Calibrated = -1.04597
  Kurtosis → Empirical =  17.84228,  Calibrated =  17.74402
Dimension 3:
  Mean     → Empirical =  0.00059,  Calibrated = -0.00271
  Variance → Empirical =  0.00045,  Calibrated =  0.00050
  Skewness → Empirical = -0.44221,  Calibrated = -0.44108
  Kurtosis → Empirical =  18.98735,  Calibrated =  18.88229
Dimension 4:
  Mean     → Empirical =  0.00079,  Calibrated = -0.00055
  Variance → Empirical =  0.00021,  Calibrated =  0.00022
  Skewness → Empirical = -0.26988,  Calibrated = -0.26919
  Kurtosis → Empirical =  16.86060,  Calibrated =  16.76816
Dimension 5:
  Mean     → Empirical =  0.00068,  Calibrated = -0.00270
  Variance → Empirical =  0.00050,  Calibrated =  0.00052
  Skewness → Empirical = -0.44256,  Calibrated = -0.44144
  Kurtosis → Empirical =  9.84397,  Calibrated =  11.09684
True correlation matrix:
 [[1.         0.9315063  0.51402164 0.39450524 0.31772112]
 [0.9315063  1.         0.71329626 0.43261408 0.5163153 ]
 [0.51402164 0.71329626 1.         0.22915223 0.57731748]
 [0.39450524 0.43261408 0.22915223 1.         0.16885896]
 [0.31772112 0.5163153  0.57731748 0.16885896 1.        ]]
Fitted correlation matrix:
 [[1.         0.68160326 0.39659853 0.35827492 0.26169359]
 [0.68160326 1.         0.63427953 0.36319309 0.54349688]
 [0.39659853 0.63427953 1.         0.11268422 0.3783187 ]
 [0.35827492 0.36319309 0.11268422 1.         0.12076375]
 [0.26169359 0.54349688 0.3783187  0.12076375 1.        ]]

 ===== Bootstrap summary =====
           count          mean           std           min  ...           50%           75%           90%           max
boot         5.0  2.000000e+00  1.581139e+00  0.000000e+00  ...  2.000000e+00  3.000000e+00  3.600000e+00  4.000000e+00
mse_mean     5.0  4.033318e-05  5.804874e-05  5.142470e-06  ...  1.317456e-05  3.269213e-05  9.851177e-05  1.423915e-04
mse_var      5.0  2.053790e-09  2.469131e-09  1.859761e-10  ...  3.208219e-10  4.596867e-09  4.786983e-09  4.913726e-09
mse_skew     5.0  1.102910e-12  7.486566e-13  2.334601e-13  ...  1.179587e-12  1.688113e-12  1.847483e-12  1.953729e-12
mse_kurt     5.0  8.678470e-01  1.191903e+00  2.161289e-03  ...  4.150009e-01  9.799766e-01  2.121849e+00  2.883098e+00
frob_corr    5.0  5.628681e-01  5.624231e-02  4.921321e-01  ...  5.679883e-01  5.727726e-01  6.163327e-01  6.453728e-01
a            5.0  6.403262e-01  7.854755e-02  5.887358e-01  ...  5.945421e-01  6.525508e-01  7.246717e-01  7.727523e-01
alpha_0      5.0  3.462263e-01  4.277545e-02  2.990437e-01  ...  3.702939e-01  3.738637e-01  3.818687e-01  3.872054e-01
alpha_1      5.0  1.902567e-01  3.412800e-02  1.488799e-01  ...  2.014926e-01  2.169202e-01  2.214243e-01  2.244270e-01
alpha_2      5.0  1.681588e-01  4.164845e-02  1.316449e-01  ...  1.413675e-01  2.058119e-01  2.146917e-01  2.206116e-01
alpha_3      5.0  2.270456e-01  3.605140e-02  1.714442e-01  ...  2.461281e-01  2.516106e-01  2.543246e-01  2.561339e-01
alpha_4      5.0  3.645357e-01  6.564701e-02  3.061714e-01  ...  3.310257e-01  3.941037e-01  4.372547e-01  4.660220e-01
sigma_0      5.0  1.707404e-02  9.273950e-04  1.565290e-02  ...  1.721144e-02  1.742693e-02  1.788421e-02  1.818907e-02
sigma_1      5.0  1.416530e-02  7.373856e-04  1.353256e-02  ...  1.378401e-02  1.438635e-02  1.496897e-02  1.535739e-02
sigma_2      5.0  2.176642e-02  1.728423e-03  2.051025e-02  ...  2.083323e-02  2.223155e-02  2.365450e-02  2.460314e-02
sigma_3      5.0  1.171211e-02  4.039484e-03  6.158925e-03  ...  1.403130e-02  1.477788e-02  1.486910e-02  1.492992e-02
sigma_4      5.0  2.255211e-02  9.863788e-04  2.127146e-02  ...  2.265321e-02  2.312448e-02  2.352117e-02  2.378564e-02

[17 rows x 10 columns]
Median corr-Frob error :  5.6799e-01
